Rectangulo;65535;255;1.2;2.5
Circulo;4278194005;251723520;1
Triangulo;255;65285;0.7;0.3
Circulo;16711680;65280;3.1
Rectangulo;255;16776960;4.5;6.7
Triangulo;1044480;986880;7.5;9.7
Rectangulo;65535;255;1.2;2.5
Circulo;4278194005;251723520;1
Triangulo;255;65285;0.7;0.3
Circulo;16711680;65280;3.1
Rectangulo;255;16776960;4.5;6.7
Triangulo;1044480;986880;7.5;9.7
Rectangulo;65535;255;1.2;2.5
Circulo;4278194005;251723520;1
Triangulo;255;65285;0.7;0.3
Circulo;16711680;65280;3.1
Rectangulo;255;16776960;4.5;6.7
Triangulo;1044480;986880;7.5;9.7
Rectangulo;65535;255;1.2;2.5
Circulo;4278194005;251723520;1
Triangulo;255;65285;0.7;0.3
Circulo;16711680;65280;3.1
Rectangulo;255;16776960;4.5;6.7
Triangulo;1044480;986880;7.5;9.7
